(crei:0.31127,(ppat:0.38444,(smoe:0.15688,(atri:0.19385,((osa:0.13738,
zmay:0.13739):0.16646,((atha:0.13333,esa:0.07429):0.16044,(sly:0.03282,
stub:0.00595):0.19586):0.08849):0.03530):0.14507):0.07656):0.31127);
